 Board                                  Notes
+-----------+-----------+-----------+  +-----------------------+
| 1   2   3 | 1   2   3 | 1   2   3 |  | 1 2 3   1 2 3   1 2 3 |
|           |           |           |  | 4 5 6   4 5 6   4 5 6 |
| 4   5   6 | 4   5   6 | 4   5   6 |  | 7 8 9   7 8 9   7 8 9 |
|           |           |           |  |                       |
| 7   8   9 | 7   8   9 | 7   8   9 |  | 1 2 3   1 2 3   1 2 3 |
+-----------+-----------+-----------+  | 4 5 6   4 5 6   4 5 6 |
| 1   2   3 | 1   2   3 | 1   2   3 |  | 7 8 9   7 8 9   7 8 9 |
|           |           |           |  |                       |
| 4   5   6 | 4   5   6 | 4   5   6 |  | 1 2 3   1 2 3   1 2 3 |
|           |           |           |  | 4 5 6   4 5 6   4 5 6 |
| 7   8   9 | 7   8   9 | 7   8   9 |  | 7 8 9   7 8 9   7 8 9 |
+-----------+-----------+-----------+  +-----------------------+
| 1   2   3 | 1   2   3 | 1   2   3 |
|           |           |           |
| 4   5   6 | 4   5   6 | 4   5   6 |
|           |           |           |
| 7   8   9 | 7   8   9 | 7   8   9 |
+-----------+-----------+-----------+
